13038134
13038135
13038136
13038138
13046001
13046002
13046003
13046004
13046008
13046010
13046118
13046119
13046120
13046121
13047002
13047003
13047004
13047006
13047014
13047022
13047023
13047024
13047025
13047026
13047027
13047028
13047029
13047030
13047031
13047032
13047033
13047034
13047035
13047036
13047037
13047039
13047040
13047041
13047042
13047043
13047044
13047045
13047046
13047047
13047048
13047049
13047050
13047051
13047052
13047053
13047054
13047055
13047122
13047123
13047124
13047126
13048003
13048004
13048005
13048006
13048007
13048008
13048009
13048010
13048011
13048012
13048013
13048014
13048015
13048016
13048017
13048018
13048019
13048020
13048022
13048023
13048030
13048031
13048032
13048033
13048034
13048035
13048036
13048037
13048039
13048040
13048041
13048042
13048043
13048044
13048045
13048046
13048047
13048048
13048049
13048050
13048051
13048052
13048053
13048054
13048055
13048056
13048059
13048060
13048061
13048064
13048065
13048066
13048067
13048068
13048069
13048072
13048073
13048074
13048078
13048079
13048080
13048087
13048088
13048089
13048090
13048091
13048092
13048093
13049004
13049005
13049006
13049007
13049008
13049009
13049010
13049011
13049012
13049013
13049014
13049015
13049018
13049019
13049020
13049021
13049022
13049023
13049024
13049025
13049026
13049027
13049028
13049029
13049030
13049031
13049032
13049034
13049035
13049037
13049038
13049039
13049040
13049041
13049042
13049043
13049044
13049045
13049046
13049047
13049048
13049049
13049050
13049051
13049052
13049054
13049072
13049073
13049075
13049076
13049077
13049079
13049080
13049081
13049082
13049086
13049087
13049088
13049089
13049090
13049091
13049092
13049093
13049094
13049095
13049096
13049098
13049099
13049100
13049101
13050001
13050002
13050006
13050007
13050008
13050009
13050010
13050011
13050012
13050014
13050015
13050016
13050017
13050019
13050020
13050021
13050022
13050023
13050024
13050025
13050026
13050027
13050028
13050029
13050031
13050032
13050033
13050034
13050035
13050036
13050037
13050038
13050039
13050040
13050041
13050042
13050043
13050044
13050046
13050047
13050048
13050049
13050050
13051006
13051007
13051008
13051009
13051010
13051011
13051012
13051013
13051014
13051015
13051016
13051017
13051018
13051019
13051020
13051021
13051022
13051023
13051024
13051025
13051026
13051027
13051028
13051065
13051066
13051067
13051068
13051069
13051070
13051071
13051072
13051073
13051074
13051080
13051081
13051082
13051083
13051084
13051085
13051086
13051087
13051088
13051091
13051092
13051093
13051095
13051099
13051100
13051101
13051102
13052001
13052002
13052003
13052004
13052005
13052006
13052008
13052009
13052010
13052011
13052012
13052013
13052014
13052015
13052016
13052017
13052018
13052019
13052020
13052021
13052022
13052032
13052033
13052034
13052036
13052037
13052039
13052040
13052041
13052042
13052043
13052045
13052046
13052047
13052048
13052049
13052050
13052051
13052052
13052053
13052054
13052055
13052056
13052057
13052059
13052060
13052061
13052062
13052063
13052064
13052065
13052066
13052067
13052068
13052069
13052084
13052085
13052086
13052087
13052088
13053003
13053004
13053005
13053006
13053007
13053008
13053009
13053010
13053011
13053012
13053013
13053014
13053015
13053016
13053019
13053020
13053021
13053022
13053023
13053024
13053025
13053026
13053027
13053028
13053029
13054004
13054005
13054006
13054007
13054008
13054009
13054010
13054011
13054012
13054013
13054014
13054015
13054016
13054017
13054018
13054019
13054020
13054021
13054022
13054023
13054042
13054043
13054044
13054045
13054046
13054047
13054048
13054049
13054050
13054052
13054053
13054054
13054055
13054056
13054057
13054058
13054060
13054061
13054062
13054063
13054064
13054065
13054066
13054068
13054069
13054070
13054071
13054082
13054083
13054084
13054085
13055001
13055002
13055003
13055004
13055006
13055007
13055008
13055009
13055010
13055011
13055012
13055013
13055014
13055015
13055016
13055017
13055018
13055019
13055020
13055021
13055022
13055023
13055024
13055034
13055035
13055036
13055037
13055038
13055039
13055055
13055056
13055061
13055062
13055066
13055067
13055068
13055069
13055070
13055071
13055072
13055073
13055075
13055076
13055078
13055079
13055080
13055081
13055082
13055083
13055085
13055086
13055087
13055088
13055089
13055090
13056004
13056005
13056006
13056007
13056008
13056011
13056012
13056017
13056018
13056019
13056020
13056021
13056022
13056023
13056024
13056025
13056026
13056027
13056028
13056029
13056030
13056031
13056032
13056033
13056034
13056035
13056036
13056037
13056038
13056039
13056046
13056047
13056048
13056049
13056050
13057005
13057006
13057007
13057008
13057009
13057010
13057011
13057014
13057015
13057016
13057017
13057018
13057019
13057021
13057022
13057023
13057024
13057025
13057026
13057027
13057037
13057038
13057039
13057041
13057042
13057043
13057044
13057045
13057046
13057047
13057048
13057049
13057050
13057051
13057052
13057053
13057055
13057056
13057057
13057058
13058001
13058002
13058003
13058006
13058007
13058008
13058009
13058010
13058011
13058012
13058013
13058014
13058015
13058016
13058017
13058018
13058019
13058020
13058021
13058022
13058023
13058025
13058026
13058027
13058028
13058029
13058030
13058031
13058032
13058045
13058047
13058048
13058050
13059001
13059002
13059003
13059004
13059005
13059006
13059007
13059008
13059009
13059010
13059011
13059012
13059013
13059014
13059015
13059016
13059017
13059018
13059019
13059020
13059021
13059022
13059023
13059025
13059026
13059027
13059033
13059035
13059036
13059037
13059038
13059039
13059074
13059076
13059077
13059078
13059079
13059080
13059082
13059083
13059084
13059085
13059086
13059087
13059089
13060001
13060002
13060003
13060005
13060007
13060008
13060009
13060010
13060011
13060012
13060014
13060015
13060016
13060018
13060019
13060020
13060021
13060034
13061016
13061017
13061019
13061024
13061025
13061026
13061027
13061029
13061030
13061031
13061032
13061035
13061042
13061053
13061054
13061055
13061056
13061057
13061059
13061060
13061061
13062001
13062002
13062004
13062005
13062006
13062007
13062013
13062014
13062023
13062025
13062026
13062027
13062028
13062029
13062031
13062036
13062037
13062038
13062039
13062040
13062042
13062044
13062045
13062046
13062047
13062048
13062049
13062050
13062052
13062053
13062054
13062055
13062056
13062057
13062059
13062060
13062061
13062062
13062063
13063006
13063007
13063008
13063009
13063010
13063011
13063012
13063013
13063017
13063018
13063019
13063020
13063022
13063023
13063024
13063025
13063026
13063028
13063029
13063030
13063031
13063032
13063033
13063034
13063035
13063036
13063051
13063052
13063053
13063054
13063059
13063060
13063061
13063062
13063063
13063064
13063065
13063067
13063068
13063069
13063070
13063071
13063072
13063073
13063074
13063076
13064001
13064002
13064003
13064004
13064005
13064006
13064009
13064010
13064012
13064014
13064020
13064021
13064022
13064023
13064024
13064025
13064026
13064027
13064028
13064029
13064030
13064031
13064032
13064052
13064053
13064054
13064055
13064056
13064057
13064059
13064061
13064063
13064064
13064065
13064066
13064067
13064068
13064070
13064071
13064072
13064073
13064074
13064075
13064076
13065004
13065005
13065006
13065007
13065008
13065009
13065010
13065011
13065012
13065013
13065014
13065015
13065016
13065017
13065018
13065019
13065020
13065021
13065022
13065023
13065024
13065025
13065046
13065047
13065048
13065049
13065050
13065051
13065052
13065053
13065054
13065055
13065056
13065058
13065059
13065060
13066003
13066004
13066005
13066008
13066009
13066010
13066011
13066012
13066013
13066015
13066016
13066018
13066019
13066021
13066022
13066023
13066024
13066025
13066026
13066027
13066028
13066029
13066030
13066031
13066033
13066034
13066035
13066036
13066100
13067052
13067053
13067054
13067055
13067056
13067057
13067058
13067059
13067060
13067061
13067062
13067067
13067068
13067069
13067073
13067074
13067075
13067076
13067077
13067078
13067079
13067080
13067081
13067082
13067083
13067084
13067085
13067086
13067087
13067088
13067089
13067090
13067091
13067092
13067093
13068003
13068004
13068005
13068006
13068009
13068010
13068012
13068015
13068016
13068019
13068022
13068023
13068025
13068026
13068043
13068046
13068055
13068057
13068058
13068059
13068060
13068066
13068067
13068068
13068069
13068071
13068084
13068085
13068086
13068087
13068088
13068090
13069001
13069002
13069003
13069004
13069005
13069006
13069007
13069008
13069009
13069011
13069012
13069013
13069014
13069015
13069016
13069017
13069018
13069019
13069020
13069021
13069022
13069023
13069024
13069025
13069026
13069027
13069028
13069029
13069030
13069031
13069035
13069036
13069054
13069055
13069058
13069060
13069063
13069064
13069066
13069067
13069068
13069069
13069070
13069072
13069073
13069074
13070004
13070005
13070007
13070009
13070010
13070011
13070012
13070014
13070015
13070016
13070017
13070018
13070019
13070020
13070021
13070022
13070024
13070025
13070026
13070027
13070030
13070050
13070051
13070052
13070054
13070056
13070057
13070058
13070059
13070060
13070061
13070062
13070063
13070064
13070065
13071001
13071002
13071003
13071004
13071005
13071006
13071008
13071009
13071010
13071011
13071012
13071028
13071029
13071030
13071031
13071032
13071033
13071034
13071035
13071036
13071037
13071040
13071041
13071042
13071043
13071044
13071045
13071046
13071047
13071048
13071049
13071050
13071051
13071052
13071054
13071055
13071064
13072001
13072002
13072003
13072004
13072005
13072006
13072007
13072008
13072009
13072010
13072011
13072012
13072013
13072014
13072015
13072016
13072017
13072018
13072019
13072020
13075020
13075021
13075022
13075024
13075030
13075031
13075032
13075033
13075034
13075042
13075044
13075045
13076002
13076005
13076006
13076007
13076008
13076009
13076011
13076015
13076017
13076018
13076019
13076020
13076022
13076023
13076024
13076026
13076027
13076036
13076039
13076040
13076051
13077064
13077066
13077067
13077068
13077069
13077070
13077073
13077075
13077076
13077077
13077078
13077079
13077081
13078001
13078002
13078003
13078004
13078006
13078007
13078009
13078010
13078011
13078012
13078014
13078028
13078035
13078036
13078037
13078039
13078040
13078041
13078042
13078043
13078045
13078046
13078047
13078048
13078049
13078050
13078051
13078052
13078054
13078055
13078056
13078057
13078058
13078060
13079014
13079015
13079016
13079017
13079020
13079021
13079022
13079023
13079024
13079028
13079029
13079031
13079032
13079033
13079034
13079035
13079036
13079037
13079038
13079040
13079044
13079073
13079074
13079075
13079076
13079077
13079079
13080001
13080002
13080003
13080004
13080005
13080010
13080011
13080013
13080014
13080015
13080080
13080083
13080084
13080085
13080086
13080088
13080089
13080090
13080091
13080092
13080093
13080094
13080095
13080096
13080097
13080098
13080099
13081001
13081004
13081005
13081006
13081007
13081019
13081020
13082001
13082002
13082003
13082004
13082005
13082006
13082007
13082008
13082009
13082010
13082011
13082014
13083013
13083014
13083015
13083016
13083017
13083018
13083019
13083021
13083022
13083023
13083024
13083025
13083026
13083027
13083029
13083030
13083058
13083059
13083067
13083068
13083069
13083070
13083071
13083073
13083074
13083076
13083081
13083082
13083084
13084001
13084004
13084005
13084007
13084008
13084023
13084024
13084025
13084027
13084028
13084032
13084034
13084035
13084036
13084037
13084038
13084039
13084040
13084041
13084046
13084048
13084051
13085003
13085004
13085005
13085006
13085007
13085008
13085009
13085010
13085011
13085027
13085028
13085029
13085030
13085031
13085032
13085033
13085034
13085035
13085036
13085040
13085041
13085046
13085047
13085050
13085059
13085060
13085061
13086001
13086002
13086003
13086065
13086066
13086067
13086068
13086069
13086070
13086071
13086072
13086073
13086077
13086078
13086079
13086080
13086081
13086082
13086083
13086084
13086085
13086087
13086088
13087009
13087010
13087011
13087012
13087013
13087014
13087015
13087016
13087017
13087019
13087025
13087026
13087027
13087037
13087038
13087047
13087048
13087049
13087050
13087053
13087054
13087055
13087056
13087058
13087059
13087060
13087061
13087062
13087064
13089017
13089018
13089021
13089022
13089023
13089024
13089025
13089026
13089027
13089028
13090005
13090006
13090007
13090008
13090010
13090011
13090012
13090013
13090014
13090015
13090016
13090017
13090018
13090019
13090021
13090022
13090023
13090035
13090036
13090037
13090038
13090039
13090040
13090041
13090042
13090043
13090044
13090045
13090046
13090048
13090049
13090050
13091001
13091002
13091003
13091005
13091009
13091011
13091012
13091019
13091020
13091023
13091024
13091025
13091027
13091032
13091033
13091034
13091035
13091036
13091037
13091038
13092005
13092006
13092007
13092008
13092020
13092021
13092036
13092037
13092038
13092039
13092040
13092041
13092042
13092044
13092045
13092046
13092047
13093015
13093016
13093017
13093018
13093019
13093020
13093021
13093022
13093023
13093024
13093025
13093029
13093030
13093031
13093032
13093033
13093034
13093035
13093036
13093037
13093038
13093044
13093045
13093046
13094001
13094003
13094004
13094005
13094007
13094008
13094009
13094010
13094011
13094013
13094014
13094015
13094016
13094017
13094018
13094019
13094020
13094021
13094022
13094041
13094042
13094044
13094045
13094050
13094052
13094053
13094054
13094058
13094059
13094060
13094061
13094069
13094079
13094080
13094081
13094082
13094083
13094089
13094091
13094092
13095001
13095002
13095003
13095004
13095005
13095006
13095007
13095008
13095009
13095010
13095012
13095013
13095014
13095015
13095016
13095017
13095043
13095044
13095045
13095046
13095048
13095049
13096001
13096002
13096003
13096004
13096005
13096006
13096007
13096008
13096009
13096010
13096011
13096012
13096014
13096016
13096018
13096060
13096061
13096062
13096063
13096064
13096065
13096066
13096069
13096070
13097001
13097002
13097003
13097004
13097005
13097006
13097007
13097013
13097014
13097017
13097019
13097021
13097022
13097023
13097024
13097025
13097026
13097027
13097028
13097029
13097031
13097032
13097033
13097034
13097035
13097036
13097037
13097038
13097039
13098028
13098029
13098031
13098032
13098036
13098039
13098040
13098041
13098042
13098043
13098044
13098045
13098046
13098047
13098048
13098049
13098062
13098066
13099001
13099003
13099004
13099005
13099006
13099007
13099008
13099009
13099010
13099011
13099012
13099013
13099014
13099015
13099023
13099025
13099026
13099027
13099028
13099030
13099031
13099032
13099033
13099034
13099035
13099036
13099037
13099038
13099039
13099044
13099045
13099046
13099056
13099058
13100001
13100002
13100003
13100004
13100005
13100006
13100007
13100008
13100009
13100010
13100011
13100012
13100013
13100014
13100015
13100023
13100025
13100026
13100027
13100028
13100029
13100030
13100031
13100032
13100033
13100034
13100035
13100036
13100037
13100038
13100039
13100040
13100041
13100042
13100049
13100051
13100053
13100054
13100055
13100056
13100057
13100058
13100059
13100060
13101001
13101002
13101003
13101004
13101005
13101006
13101007
13101013
13101014
13101015
13101016
13101021
13101022
13101024
13101026
13101027
13101038
13101039
13101040
13101041
13101042
13101043
13101044
13101045
13101046
13101047
13101048
13101049
13101050
13101058
13101060
13103003
13103004
13103007
13103009
13103011
13103012
13103013
13103014
13103015
13103016
13103017
13104003
13104004
13104005
13104006
13104008
13104009
13104011
13104012
13104013
13104014
13104018
13104019
13104022
13104043
13104044
13104045
13104046
13104047
13104050
13104051
13104052
13104054
13104055
13104056
13104057
13104058
13104059
13104060
13104061
13104062
13104063
13105006
13105007
13105008
13105009
13105010
13105011
13105012
13105013
13105014
13105015
13105016
13105017
13105018
13105022
13105038
13105039
13105040
13105041
13105042
13105043
13105044
13105045
13105046
13105047
13105048
13105049
13105050
13105051
13105052
13105053
13105054
13105055
13105056
13105057
13105061
13105062
13105063
13105064
13105065
13105066
13106001
13106002
13106003
13106005
13106006
13106007
13106008
13106009
13106010
13106011
13106012
13106023
13106024
13106025
13106035
13106040
13106041
13106042
13106043
13106044
13106045
13106046
13106047
13106049
13106050
13106051
13106052
13106053
13106061
13106062
13106063
13106064
13106065
13106066
13106069
13106070
13106071
13106072
13106073
13106074
13106075
13106076
13107001
13107002
13107003
13107013
13107015
13107016
13107017
13107018
13107019
13107020
13107021
13107024
13107025
13107026
13107027
13107028
13107029
13107030
13107031
13107032
13107033
13107034
13107052
13107059
13107060
13107061
13107062
13108001
13108002
13108003
13108004
13108005
13108008
13108009
13108010
13108011
13108012
13108013
13108016
13108022
13108023
13108025
13108026
13108028
13108029
13108031
13108032
13108033
13108034
13108036
13108037
13108040
13108043
13108044
13108045
13108046
13108048
13108049
13108050
13108070
13108071
13108072
13108073
13108074
13108075
13108076
13108077
13108078
13108079
13108080
13109012
13109014
13109015
13109016
13109017
13109018
13109025
13109026
13109027
13109043
14095013
14095014
14096004
14096005
14096007
14096008
14096077
14096078
14096079
14097025
14097026
14097028
14097040
14097041
14097063
14097064
14097065
14097066
14097067
14097068
14097070
14098001
14098002
14098003
14098004
14098005
14098006
14098007
14098009
14098010
14098011
14098012
14098013
14098014
14098032
14098044
14098045
14098046
14098069
14098070
14098071
14098074
14099009
14099010
14099012
14099013
14099014
14099015
14099016
14099017
14099018
14099019
14099020
14099021
14099022
14099023
14099024
14099025
14099026
14099027
14099028
14099029
14099030
14099031
14099032
14099033
14099045
14099046
14099047
14099048
14099049
14099050
14099089
14099090
14100003
14100004
14100005
14100006
14100007
14100008
14100009
14100010
14100011
14100012
14100014
14100015
14100016
14100017
14100018
14100019
14100020
14100021
14100022
14100031
14101035
14101036
14101041
14101043
14101052
14101062
14101063
14101064
14101065
14101066
14101067
14102023
14102024
14102025
14102026
14102027
14102028
14102032
14102043
14102047
14104018
14104039
14104040
14104041
14104042
14104043
14104044
14104045
14104046
14104047
14104048
14104049
14104050
14104051
14104052
14104053
14104057
14104059
14104060
14104061
14104062
14104063
14105001
14105002
14105003
14105004
14105006
14105007
14105008
14105009
14105010
14105011
14105012
14105013
14105014
14105015
14105016
14105018
14105019
14105020
14105021
14105022
14105023
14105024
14105025
14105026
14105029
14105030
14105031
14105032
14105033
14105034
14105035
14105036
14105037
14105038
14105039
14105043
14106001
14106002
14106003
14106004
14106005
14106006
14106007
14106008
14106013
14106014
14106020
14106021
14106022
14106023
14106024
14106025
14106026
14106027
14106028
14106029
14106030
14106031
14106032
14106033
14106034
14106035
14106036
14106037
14106038
14106039
14106040
14106041
14106042
14106043
14107015
14107016
14107017
14107018
14107132
14107133
14107134
14107135
14107139
14107140
14107141
14107142
14107144
14108001
14108002
14108003
14108005
14108006
14108007
14108008
14108013
14108014
14108015
14108016
14108017
14108018
14108019
14108047
14108059
14108073
14108075
14108076
14108077
14108078
14108079
14108080
14108081
14108082
14108083
14108084
14108085
14108086
14108087
14108089
14108090
14108091
14108092
14108093
14108095
14108096
14108097
14109012
14109013
14109014
14109015
14109016
14109017
14109018
14109019
14109020
14109021
14109022
14109023
14109024
14109025
14109026
14109027
14109028
14109029
14109030
14109045
14109046
14109047
14109050
14109080
14109081
14109082
14110003
14110004
14110005
14110006
14110007
14110009
14110012
14110013
14110014
14110017
14110018
14110019
14110020
14110021
14110022
14110023
14110024
14110025
14110026
14110027
14110041
14110042
14110044
14110045
14110046
14110047
14110048
14110049
14110050
14110051
14110052
14110053
14110054
14110055
14110056
14110057
14110058
14110059
14110060
14110061
14110062
14110064
14110065
14110071
14111035
14111036
14111037
14111038
14111046
14111047
14111048
14111049
14111050
14111068
14111069
14111070
14111071
14112022
14112024
14112025
14112026
14112030
14112031
14112032
14112033
14112034
14112093
14113001
14113003
14113004
14113034
14113035
14113038
14113039
14113040
14115063
14115064
14115065
14115066
14115067
14115068
14115069
14115070
14115071
14115072
14115073
14115074
14115075
14116001
14116002
14116011
14116014
14116015
14116016
14116017
14116018
14116019
14116020
14116021
14116025
14116026
14116027
14116043
14116044
14116045
14116046
14116047
14116048
14116049
14116050
14116051
14116052
14116055
14116056
14116057
14116058
14116059
14116060
14116065
14117001
14117002
14117004
14117011
14117012
14117013
14117014
14117015
14117016
14117017
14117018
14117019
14117020
14117021
14117022
14117023
14117024
14117025
14117026
14117027
14117028
14117042
14117044
14117045
14117046
14117047
14117048
14117052
14117053
14117054
14117055
14117056
14117058
14117059
14117060
14117061
14117062
14117063
14117064
14117065
14117067
14117069
14118013
14118014
14118015
14118016
14118017
14118018
14118019
14118020
14118021
14118022
14118023
14118024
14118025
14118026
14118028
14118029
14118030
14118032
14118033
14118034
14118035
14118047
14118048
14118049
14118050
14118051
14118052
14118053
14118054
14118055
14118056
14118057
14118058
14118059
14118060
14118061
14118062
14118063
14118064
14119005
14119006
14119007
14119008
14119009
14119010
14119011
14119012
14119013
14119014
14119015
14119016
14119017
14119018
14119019
14119020
14119021
14119022
14119023
14119024
14120110
14120113
14120114
14120115
14120116
14120117
14120118
14120119
14120120
14120121
14121001
14121002
14121003
14121004
14121009
14121010
14121013
14121014
14121015
14121016
14121017
14121018
14121019
14121020
14121021
14121022
14121023
14122002
14122003
14122004
14122005
14122006
14122007
14122008
14122009
14122010
14122011
14122012
14122013
14122014
14122015
14122016
14122017
14122018
14122019
14122020
14122021
14122022
14122023
14122024
14122025
14122045
14122046
14122047
14122048
14122049
14122055
14122056
14122057
14122058
14122059
14122060
14122061
14122062
14123001
14123002
14123003
14123004
14123005
14123006
14123008
14123009
14123010
14123015
14123016
14123017
14123018
14123019
14123021
14123022
14123023
14123024
14123025
14123026
14123027
14123028
14123029
14123030
14123054
14123055
14123057
14123058
14123075
14123076
14123077
14123078
14124001
14124002
14124003
14124004
14124005
14124006
14124007
14124022
14124023
14124024
14124025
14124026
14124027
14124028
14124029
14124030
14124031
14124032
14124033
14124034
14124035
14124036
14124037
14124038
14124039
14125002
14125003
14125004
14125005
14129021
14129022
14129023
14129024
14129025
14129026
14129027
14129028
14129029
14129071
14129073
14129074
14129075
14129077
14130007
14130027
14130033
14130034
14130035
14130036
14130037
14130039
14130040
14130041
14130042
14130043
14130067
14130068
14130069
14130070
14130071
14130072
14130073
14130074
14130075
14130076
14130077
14131001
14131002
14131003
14131012
14131013
14131014
14131015
14131016
14131020
14131021
14131022
14131024
14131025
14131026
14131027
14131028
14131029
14132006
14132007
14132008
14132009
14132011
14132012
14132013
14132015
14132016
14132018
14132019
14132020
14132021
14132022
14132023
14132024
14132025
14132026
14132039
14132040
14132041
14132042
14132044
14132046
14132047
14132058
14132059
14132060
14132061
14132067
14132068
14132075
14132076
14132077
14132078
14132079
14132080
14132082
14133001
14133002
14133003
14133004
14133008
14133018
14134056
14134057
14134058
14134062
14134063
14134064
14134065
14135001
14135002
14135003
14135004
14135005
14135006
14135007
14135015
14135016
14135017
14135019
14135021
14135022
14135023
14136002
14136004
14136005
14136006
14136007
14136008
14136009
14136010
14136011
14136012
14136013
14136014
14136030
14136031
14136032
14136033
14136034
14136035
14136036
14136037
14136047
14136048
14136049
14136050
14136053
14136054
14136055
14136056
14136057
14136059
14136060
14136061
14137001
14137002
14137003
14137004
14137005
14137009
14137010
14137011
14137012
14137013
14137014
14137016
14137017
14137018
14137019
14137020
14137021
14137046
14137049
14137055
14137059
14137060
14137061
14137064
14137065
14137067
14137068
14137070
14137071
14137073
14137076
14137078
14137080
14137082
14137084
14137085
14137086
14137090
14138002
14138003
14138004
14138005
14138006
14138007
14138008
14138011
14138012
14138016
14138018
14138019
14138020
14138021
14138022
14138023
14138024
14138025
14138026
14138027
14138028
14138029
14138030
14138031
14138032
14138033
14138034
14138040
14138041
14138042
14138043
14138044
14138045
14138046
14138047
14138048
14138050
14138051
14138052
14138060
14138061
14138062
14138063
14138064
14138065
14138066
14139001
14139002
14139015
14139016
14139017
14139018
14139019
14139020
14139021
14139022
14139023
14139043
14139044
14139046
14139047
14139049
14139050
14139051
14139052
14139058
14139059
14139060
14139062
14139065
14139068
14139069
14139070
14139071
14140001
14140002
14140003
14140004
14140005
14140006
14140007
14140008
14140014
14140015
14140016
14140017
14140018
14140019
14140020
14140021
14140022
14140023
14140024
14140025
14140026
14140027
14140028
14140029
14140030
14140043
14140044
14140045
14140046
14140047
14140048
14140049
14140050
14140051
14140052
14140053
14140054
14140055
14140056
14140057
14140058
14140059
14140060
14140061
14140062
14141002
14141007
14141014
14141015
14141016
14141017
14141018
14141019
14141020
14141021
14141022
14141023
14141024
14141025
14141042
14141043
14141044
14141045
14141046
14141047
14141049
14141050
14141051
14141052
14141053
14141054
14141055
14141056
14141057
14141068
14141069
14141070
14141071
14141072
14142001
14142002
14142003
14142004
14142005
14142006
14142007
14142008
14142009
14142010
14142011
14142012
14142013
14142014
14142015
14142016
14142017
14142106
14142107
14142108
14142109
14142110
14142113
14142114
14142117
14142118
14142121
14142122
14142123
14142132
14142133
14143080
14143081
14143083
14143084
14143086
14143090
14143091
14143092
14143093
14143111
14143112
14143113
14143114
14143115
14143116
14143117
14143118
14143119
14143120
14143121
14144002
14144003
14144004
14144005
14144006
14144007
14144008
14144021
14144022
14144023
14144024
14144025
14144026
14144027
14144028
14144029
14144030
14144031
14144032
14144035
14144036
14144037
14144041
14144042
14144043
14144045
14144046
14144047
14144048
14144049
14144051
14144055
14144057
14144115
14144116
14144117
14144118
14144119
14144120
14144121
14144122
14144125
14144126
14144127
14144128
14145009
14145010
14145011
14145012
14145021
14145022
14145023
14145024
14145025
14145026
14145028
14145029
14145030
14145031
14145032
14145033
14145034
14145035
14145036
14145037
14145038
14145039
14145040
14145063
14145064
14145066
14145067
14145068
14145069
14145070
14145071
14145072
14145073
14145074
14145075
14145076
14145077
14145078
14145080
14145081
14145082
14145083
14145084
14145085
14145090
14146006
14146007
14146008
14146009
14146010
14146011
14146012
14146013
14146014
14146015
14146016
14146017
14146018
14146019
14146020
14146021
14146022
14146023
14146024
14146025
14146026
14146027
14146028
14146029
14146050
14146051
14146052
14146053
14146054
14146055
14146056
14146057
14146058
14146059
14146060
14146065
14146066
14146067
14146068
14146069
14146070
14146071
14146072
14146073
14146074
14146075
14146076
14146083
14146084
14146085
14147001
14147002
14147003
14147004
14147005
14147006
14147007
14147008
14147009
14147010
14147011
14147012
14147013
14147014
14147015
14147016
14147017
14147018
14147049
14147050
14147051
14147052
14147053
14147054
14147055
14147056
14147057
14147058
14147060
14147061
14147062
14147063
14147065
14147066
14147067
14147068
14147074
14147075
14147076
14147077
14148011
14148012
14148013
14148014
14148015
14148017
14148018
14148019
14148020
14148021
14148022
14148023
14148024
14148025
14148026
14148027
14148028
14148029
14148030
14148031
14148032
14148033
14148034
14148056
14148057
14148058
14148059
14148060
14148061
14148065
14148066
14148067
14148068
14148069
14148070
14148071
14148072
14148073
14148074
14148075
14148076
14148077
14148078
14148079
14148080
14148081
14148082
14149005
14149006
14149008
14149009
14149010
14149011
14149012
14149013
14149014
14149016
14149017
14149018
14149019
14149020
14149021
14149022
14149023
14149024
14149025
14149026
14149027
14149028
14149030
14149032
14149033
14149034
14149035
14149036
14149037
14149038
14149126
14149128
14149129
14149130
14149131
14150002
14150003
14150004
14150005
14150006
14150007
14150008
14150010
14150011
14150012
14150013
14150014
14150015
14150016
14150019
14150130
14150131
14150132
14150133
14150134
14150135
14150136
14150137
14150138
14150139
14151001
14151009
14151010
14151011
14151012
14151013
14151014
14151019
14151022
14151023
14151024
14151025
14151026
14151027
14151029
14151030
14151031
14151032
14151033
14151034
14151035
14151036
14151037
14151038
14151039
14151042
14151084
14151085
14151089
14151090
14151093
14151095
14151096
14151097
14151098
14151100
14151101
14151102
14151103
14151104
14151105
14151106
14151107
14151108
14151109
14152001
14152002
14152006
14152007
14152008
14152009
14152010
14152011
14152012
14152013
14152014
14152015
14152016
14152017
14152018
14152019
14152020
14152021
14152022
14152023
14152045
14152046
14152047
14152048
14152049
14152050
14152051
14152052
14152053
14152054
14152057
14152058
14152059
14152060
14152065
14152066
14152067
14152068
14153003
14153006
14153007
14153008
14153009
14153010
14153011
14153012
14153013
14153014
14153015
14153016
14153017
14153018
14153019
14153020
14153021
14153022
14153023
14153024
14153036
14153037
14153038
14153039
14153040
14153041
14153042
14153044
14153045
14153046
14153047
14153048
14153049
14153053
14153054
14153055
14153056
14153057
14153058
14153059
14153060
14153061
14153062
14153063
14153064
14153070
14153071
14153072
14153073
14154001
14154002
14154003
14154004
14154005
14154006
14154007
14154008
14154009
14154010
14154011
14154012
14154013
14154014
14154015
14154016
14154017
14154018
14154020
14154031
14154032
14154033
14154034
14154035
14154036
14154037
14154038
14154039
14154040
14154041
14154042
14154043
14154044
14154045
14154046
14154054
14155004
14155005
14155006
14155007
14155008
14155009
14155010
14155011
14155012
14155013
14155044
14155046
14155047
14155048
14155049
14155050
14155051
14155056
14155057
14155058
14155059
14155060
14155061
14155062
14155064
14155086
14155087
14155088
14155089
14155091
14155092
14155093
14155094
14155095
14155096
14155097
14155098
14155099
14155100
14156001
14156003
14156015
14156016
14156094
14157001
14157002
14157003
14157004
14157005
14157006
14157007
14157008
14157009
14157010
14157011
14157013
14157014
14157015
14157016
14157017
14157018
14157019
14157020
14157021
14157022
14157023
14157024
14158001
14158002
14158003
14158004
14158005
14158006
14158015
14158016
14158017
14158038
14158039
14158040
14158044
14158045
14158048
14158050
14158051
14158052
14158055
14159001
14159002
14159003
14159004
14159005
14159006
14159007
14159008
14159009
14159010
14159011
14159012
14159013
14159014
14159015
14159016
14159017
14159018
14159019
14159020
14159021
14159022
14159023
14159024
14159025
14159026
14159028
14159029
14159042
14159043
14159044
14159045
14159046
14159049
14159050
14159051
14159052
14159053
14159054
14159055
14159056
14159057
14159058
14159059
14159060
14159061
14159062
14159063
14159064
14159065
14159066
14159067
14159068
14159069
14159070
14159071
14159072
14159073
14159074
14159075
14160010
14160011
14160012
14160014
14160015
14160016
14160017
14160018
14160019
14160020
14160021
14160022
14160023
14160024
14160025
14160026
14160027
14161002
14161003
14161004
14161005
14161006
14161007
14161008
14161009
14161010
14161011
14161012
14161013
14161014
14161015
14161016
14161017
14161018
14161019
14161020
16041128
16056045
16056047
16056049
16056054
16056056
16056057
16057003
16057004
16057005
16057006
16057007
16057008
16057009
16057010
16057011
16057012
16057013
16057015
16057016
16057017
16057018
16057048
16057049
16057050
16057051
16057053
16057054
16058001
16058002
16058005
16058006
16058007
16058008
16058009
16058010
16058015
16058016
16058017
16058018
16058019
16058020
16058021
16058022
16058023
16058024
16058025
16058026
16058070
16058071
16058072
16058073
16058074
16058077
16058078
16058079
16058080
16058082
16058083
16058084
16058085
16058086
16058087
16058088
16058089
16058090
16058091
16058092
16058093
16058095
16058096
16058100
16059004
16059005
16059006
16059007
16059008
16059009
16059010
16059011
16059012
16059013
16059015
16059016
16059017
16059018
16059019
16059020
16059021
16059022
16059023
16059024
16059025
16059026
16059027
16059028
16059029
16059030
16059031
16059041
16059062
16059064
16059065
16059066
16059067
16059068
16059069
16060001
16060002
16060003
16060004
16060005
16060008
16060009
16060010
16060011
16060013
16060014
16060016
16060017
16060018
16060019
16060020
16060024
16060025
16060026
16060027
16060028
16060030
16060031
16060032
16060034
16060035
16060036
16060037
16060038
16060039
16060040
16060041
16060042
16060043
16060044
16060045
16060046
16060053
16060054
16060055
16060056
16060057
16060058
16060059
16060060
16060061
16060062
16060063
16060064
16060065
16061008
16061009
16061010
16061011
16061012
16061013
16061014
16061015
16061016
16061017
16061018
16061019
16061035
16061036
16061037
16061038
16061039
16061040
16061041
16061042
16061048
16061049
16061050
16061051
16061052
16061053
16061054
16061055
16061056
16061057
16061058
16061060
16061061
16061062
16061074
16061075
16061076
16061077
16061078
16061083
16061084
16062001
16062002
16062003
16062004
16062005
16062006
16062008
16062009
16062010
16062011
16062012
16062013
16062014
16062015
16062016
16062017
16062018
16062019
16062020
16062021
16062022
16062023
16062024
16062025
16062045
16062046
16062047
16062048
16062049
16062050
16062051
16062052
16062053
16062054
16062055
16062056
16062057
16062058
16062074
16062075
16062078
16063001
16063002
16063003
16063004
16063005
16063006
16063007
16063091
16063092
16063093
16063094
16063095
16063096
16063097
16063099
16063100
16063111
16063112
16063113
16064001
16064002
16064006
16064007
16064008
16064009
16064010
16064011
16064012
16064013
16064014
16064015
16064016
16064017
16064018
16064019
16064020
16064022
16064034
16064035
16064036
16064037
16064074
16064076
16064077
16064078
16064079
16064080
16064081
16064082
16065001
16065002
16065003
16065004
16065005
16065006
16065007
16065008
16065009
16065010
16065011
16065012
16065013
16065014
16065015
16065016
16065017
16065018
16065023
16065024
16065025
16065026
16065027
16065028
16065036
16065037
16065038
16065039
16065041
16065042
16065043
16065044
16065045
16065046
16065047
16065048
16065059
16065060
16065061
16065072
16066001
16066002
16066003
16066004
16066005
16066006
16066007
16066008
16066009
16066010
16066011
16066012
16066015
16066016
16066017
16066018
16066019
16066020
16066021
16066022
16066023
16066024
16066025
16066026
16066027
16066028
16066029
16066030
16066031
16066032
16066033
16066035
16066046
16066047
16066048
16066049
16066050
16066051
16066052
16066053
16066054
16066055
16066057
16066059
